ID Number	Account	Amount
8112070177089	51420056925	6638.40
5708145907187	51420056925	6638.40
7702225038086	51420056925	6638.40
8505125142083	51420056925	6638.40
7203140211080	51420056925	6638.40
8104230183081	51420056925	6638.40
7511275049087	51420056925	6638.40
8103205293081	51420056925	6638.40
7601125930089	51420056925	6638.40
6408281036185	51420056925	6638.40
6003065098087	51420056925	6638.40
7404255134089	51420056925	6638.40
8008035322085	51420056925	6638.40
6208256039085	51420056925	6638.40
8209130954083	51420056925	6638.40
7104045386086	51420056925	6638.40
7911205210082	51420056925	6638.40
7102035041083	51420056925	6638.40
7312265893083	51420056925	6638.40
7206165079084	51420056925	6638.40
8004165184080	51420056925	6638.40
6306295020080	51420056925	6638.40
7501065049082	51420056925	6638.40
8407170960081	51420056925	6638.40
8302285888089	51420056925	6638.40
7007175116084	51420056925	6638.40
8002050177086	51420056925	6638.40
7910105126083	51420056925	6638.40
6708055109088	51420056925	6638.40
9107195895085	51420056925	6638.40
5702015059088	51420056925	6638.40
8602265768080	51420056925	6638.40
8805190190086	51420056925	6638.40
7305220149088	51420056925	6638.40
7402165103087	51420056925	6638.40
7404155317081	51420056925	6638.40
5811015009082	51420056925	6638.40
8903210478084	51420056925	6638.40
6803285105087	51420056925	6638.40
6303085029082	51420056925	6638.40
8001235029089	51420056925	6638.40
8407060039087	51420056925	6638.40
6505285127082	51420056925	6638.40
8410075228083	51420056925	6638.40
8608180364087	51420056925	6638.40
5809155027088	51420056925	6638.40
7611275034087	51420056925	6638.40
7010055969085	51420056925	6638.40
8410120111086	51420056925	6638.40
5602145163083	51420056925	6638.40
7912045101085	51420056925	6638.40
8206150015084	51420056925	6638.40
6911205466081	51420056925	6638.40
7612295458082	51420056925	6638.40
7910155160081	51420056925	6638.40
6607275178081	51420056925	6638.40
8708315579086	51420056925	6638.40
8708170930085	51420056925	6638.40
7702195713080	51420056925	6638.40
7806035089088	51420056925	6638.40
7303235154086	51420056925	6638.40
7305235180086	51420056925	6638.40
8102105229088	51420056925	6638.40
7801285359083	51420056925	6638.40
9207065292080	51420056925	6638.40
8803010515087	51420056925	6638.40
8308010068087	51420056925	6638.40
7507235326086	51420056925	6638.40
7404285452089	51420056925	6638.40
9412155072083	51420056925	6638.40
8411095127081	51420056925	6638.40
7308205155088	51420056925	6638.40
5801115005080	51420056925	6638.40
9004285224088	51420056925	6638.40
7507265511086	51420056925	6638.40
8009165356083	51420056925	6638.40
8304146029085	51420056925	6638.40
8007095728082	51420056925	6638.40
8503111187089	51420056925	6638.40
7807065198088	51420056925	6638.40
7204155714083	51420056925	6638.40
7904225484084	51420056925	6638.40
7704195060082	51420056925	6638.40
9110115151084	51420056925	6638.40
8208130714083	51420056925	6638.40
8104025631088	51420056925	6638.40
9004240205081	51420056925	6638.40
8307255221088	51420056925	6638.40
8210151051080	51420056925	6638.40
7812140449084	51420056925	6638.40
7605160402086	51420056925	6616.20
8007150486089	51420056925	6616.20
8909010390080	51420056925	6608.10
7103155044089	51420056925	6411.30
6410125138086	51420056925	6411.30
9606205092088	51420056925	6352.80
8801156123088	51420056925	6294.90
8111025149086	51420056925	6294.90
6604185211086	51420056925	6088.20
8201140468089	51420056925	6052.20
7612150554082	51420056925	6045.90
8511170766081	51420056925	6021.00
7901265096083	51420056925	5810.10
8501160470083	51420056925	5781.60
9307260138086	51420056925	5007.00
8510290691088	51420056925	4946.10
7905155121083	51420056925	4731.00
8402210151080	51420056925	4731.00
9605015055087	51420056925	4724.10
6902165560088	51420056925	4660.50
8904050337083	51420056925	4309.20
8402080469083	51420056925	4133.70
8606155959089	51420056925	4128.30
7504175695083	51420056925	4072.20
7406165465081	51420056925	3988.50
7805110466088	51420056925	3872.70
9603315150088	51420056925	3765.30
7106075235083	51420056925	3523.20
8005020909082	51420056925	3488.70
8712245690088	51420056925	3452.10
7708015762082	51420056925	3452.10
7012245100084	51420056925	3452.10
8802290282087	51420056925	3452.10
8709116100080	51420056925	3452.10
8612296144086	51420056925	3452.10
8909140144084	51420056925	3452.10
7002106069080	51420056925	3452.10
8905126194085	51420056925	3452.10
7807090483083	51420056925	3452.10
7603135864084	51420056925	3452.10
6812075303083	51420056925	3452.10
6904075138088	51420056925	3452.10
7706067182084	51420056925	3452.10
9405165973084	51420056925	3452.10
8201240470084	51420056925	3452.10
9202120485084	51420056925	3452.10
9601121174086	51420056925	3452.10
9609235350088	51420056925	3452.10
9201040186087	51420056925	3452.10
8112040715083	51420056925	3452.10
8206175848089	51420056925	3452.10
8904265688080	51420056925	3452.10
6808145128088	51420056925	3452.10
9406065628083	51420056925	3452.10
9201085513088	51420056925	3452.10
5810075966082	51420056925	3452.10
8811200888081	51420056925	3452.10
8011035802080	51420056925	3452.10
8406025198087	51420056925	3452.10
8212080709085	51420056925	3452.10
